12
16
23
25
27
29
30
33
42
48
49
51
52
60
81
83
99
101
104
116
122
132
139
142
144
160
233
235
239
245
251
295
297
299
301
304
307
312
314
340
355
355
365
368
388
389
396
420
425
428
438
451
458
466
467
473
474
477
527
536
551
584
623
644
663
663
683
692
722
728
745
748
749
782
792
813
814
823
850
877
886
905
907
912
922
930
942
969
978
988
995
1003
1015
1017
1018
1025
1028
1030
1033
1036
1041
1077
1099
1135
1154
1235
1262
1280
1345
1349
1358
1399
1452
1646
1910
1915
1982
2041
2090
2471
2717
2778
2846
3573
3663
3815
3822
3934
4140
4187
5171
6645
7507
7588
7736
8949
9567
11654
14883
15040
15868
16529
16729
16734
18935
20191
20752
20955
21875
27608
28423
28643
28698
30324
31511
42113
58839
