
Options: -W weka.classifiers.trees.DecisionStump 

AdaBoostM1: No boosting possible, one classifier used!
Decision Stump

Classifications

 col10269 <= 0.5 : 10
 col10269 > 0.5 : 3
 col10269 is missing : 4

Class distributions

 col10269 <= 0.5
1	2	3	4	5	6	7	8	9	10	11	12	13	14	15	16	17	18	19	20	
0.0453257790368272	0.05099150141643059	0.0169971671388102	0.04815864022662889	0.053824362606232294	0.049575070821529746	0.049575070821529746	0.053824362606232294	0.05524079320113314	0.056657223796033995	0.056657223796033995	0.053824362606232294	0.056657223796033995	0.05524079320113314	0.056657223796033995	0.056657223796033995	0.05099150141643059	0.053824362606232294	0.043909348441926344	0.03541076487252125	
 col10269 > 0.5
1	2	3	4	5	6	7	8	9	10	11	12	13	14	15	16	17	18	19	20	
0.0	0.044444444444444446	0.5777777777777777	0.13333333333333333	0.0	0.08888888888888889	0.08888888888888889	0.044444444444444446	0.0	0.0	0.0	0.022222222222222223	0.0	0.0	0.0	0.0	0.0	0.0	0.0	0.0	
 col10269 is missing
1	2	3	4	5	6	7	8	9	10	11	12	13	14	15	16	17	18	19	20	
0.0426098535286285	0.05059920106524634	0.05059920106524634	0.05326231691078562	0.05059920106524634	0.05193075898801598	0.05193075898801598	0.05326231691078562	0.05193075898801598	0.05326231691078562	0.05326231691078562	0.05193075898801598	0.05326231691078562	0.05193075898801598	0.05326231691078562	0.05326231691078562	0.047936085219707054	0.05059920106524634	0.041278295605858856	0.033288948069241014	



Time taken to build model: 20.47 seconds
Time taken to test model on training data: 9.06 seconds

=== Error on training data ===

Correctly Classified Instances          66                8.7883 %
Incorrectly Classified Instances       685               91.2117 %
Kappa statistic                          0.0367
Mean absolute error                      0.0929
Root mean squared error                  0.2155
Relative absolute error                 97.8526 %
Root relative squared error             98.9211 %
Total Number of Instances              751     


=== Confusion Matrix ===

  a  b  c  d  e  f  g  h  i  j  k  l  m  n  o  p  q  r  s  t   <-- classified as
  0  0  0  0  0  0  0  0  0 32  0  0  0  0  0  0  0  0  0  0 |  a = 1
  0  0  2  0  0  0  0  0  0 36  0  0  0  0  0  0  0  0  0  0 |  b = 2
  0  0 26  0  0  0  0  0  0 12  0  0  0  0  0  0  0  0  0  0 |  c = 3
  0  0  6  0  0  0  0  0  0 34  0  0  0  0  0  0  0  0  0  0 |  d = 4
  0  0  0  0  0  0  0  0  0 38  0  0  0  0  0  0  0  0  0  0 |  e = 5
  0  0  4  0  0  0  0  0  0 35  0  0  0  0  0  0  0  0  0  0 |  f = 6
  0  0  4  0  0  0  0  0  0 35  0  0  0  0  0  0  0  0  0  0 |  g = 7
  0  0  2  0  0  0  0  0  0 38  0  0  0  0  0  0  0  0  0  0 |  h = 8
  0  0  0  0  0  0  0  0  0 39  0  0  0  0  0  0  0  0  0  0 |  i = 9
  0  0  0  0  0  0  0  0  0 40  0  0  0  0  0  0  0  0  0  0 |  j = 10
  0  0  0  0  0  0  0  0  0 40  0  0  0  0  0  0  0  0  0  0 |  k = 11
  0  0  1  0  0  0  0  0  0 38  0  0  0  0  0  0  0  0  0  0 |  l = 12
  0  0  0  0  0  0  0  0  0 40  0  0  0  0  0  0  0  0  0  0 |  m = 13
  0  0  0  0  0  0  0  0  0 39  0  0  0  0  0  0  0  0  0  0 |  n = 14
  0  0  0  0  0  0  0  0  0 40  0  0  0  0  0  0  0  0  0  0 |  o = 15
  0  0  0  0  0  0  0  0  0 40  0  0  0  0  0  0  0  0  0  0 |  p = 16
  0  0  0  0  0  0  0  0  0 36  0  0  0  0  0  0  0  0  0  0 |  q = 17
  0  0  0  0  0  0  0  0  0 38  0  0  0  0  0  0  0  0  0  0 |  r = 18
  0  0  0  0  0  0  0  0  0 31  0  0  0  0  0  0  0  0  0  0 |  s = 19
  0  0  0  0  0  0  0  0  0 25  0  0  0  0  0  0  0  0  0  0 |  t = 20


=== Error on test data ===

Correctly Classified Instances          38                7.6    %
Incorrectly Classified Instances       462               92.4    %
Kappa statistic                          0.0253
Mean absolute error                      0.0936
Root mean squared error                  0.2166
Relative absolute error                 98.557  %
Root relative squared error             99.4288 %
Total Number of Instances              500     


=== Confusion Matrix ===

  a  b  c  d  e  f  g  h  i  j  k  l  m  n  o  p  q  r  s  t   <-- classified as
  0  0  0  0  0  0  0  0  0 21  0  0  0  0  0  0  0  0  0  0 |  a = 1
  0  0  1  0  0  0  0  0  0 25  0  0  0  0  0  0  0  0  0  0 |  b = 2
  0  0 12  0  0  0  0  0  0 14  0  0  0  0  0  0  0  0  0  0 |  c = 3
  0  0  3  0  0  0  0  0  0 23  0  0  0  0  0  0  0  0  0  0 |  d = 4
  0  0  2  0  0  0  0  0  0 23  0  0  0  0  0  0  0  0  0  0 |  e = 5
  0  0  2  0  0  0  0  0  0 24  0  0  0  0  0  0  0  0  0  0 |  f = 6
  0  0  1  0  0  0  0  0  0 25  0  0  0  0  0  0  0  0  0  0 |  g = 7
  0  0  1  0  0  0  0  0  0 25  0  0  0  0  0  0  0  0  0  0 |  h = 8
  0  0  0  0  0  0  0  0  0 27  0  0  0  0  0  0  0  0  0  0 |  i = 9
  0  0  0  0  0  0  0  0  0 26  0  0  0  0  0  0  0  0  0  0 |  j = 10
  0  0  0  0  0  0  0  0  0 27  0  0  0  0  0  0  0  0  0  0 |  k = 11
  0  0  0  0  0  0  0  0  0 26  0  0  0  0  0  0  0  0  0  0 |  l = 12
  0  0  0  0  0  0  0  0  0 26  0  0  0  0  0  0  0  0  0  0 |  m = 13
  0  0  0  0  0  0  0  0  0 26  0  0  0  0  0  0  0  0  0  0 |  n = 14
  0  0  0  0  0  0  0  0  0 27  0  0  0  0  0  0  0  0  0  0 |  o = 15
  0  0  0  0  0  0  0  0  0 26  0  0  0  0  0  0  0  0  0  0 |  p = 16
  0  0  1  0  0  0  0  0  0 23  0  0  0  0  0  0  0  0  0  0 |  q = 17
  0  0  0  0  0  0  0  0  0 25  0  0  0  0  0  0  0  0  0  0 |  r = 18
  0  0  0  0  0  0  0  0  0 21  0  0  0  0  0  0  0  0  0  0 |  s = 19
  0  0  1  0  0  0  0  0  0 16  0  0  0  0  0  0  0  0  0  0 |  t = 20

