
Options: -W weka.classifiers.trees.DecisionStump 

AdaBoostM1: No boosting possible, one classifier used!
Decision Stump

Classifications

 col10269 <= 0.5 : 10
 col10269 > 0.5 : 3
 col10269 is missing : 8

Class distributions

 col10269 <= 0.5
1	2	3	4	5	6	7	8	9	10	11	12	13	14	15	16	17	18	19	20	
0.04575786463298379	0.05147759771210677	0.016205910390848427	0.04575786463298379	0.052430886558627265	0.04861773117254528	0.04861773117254528	0.05624404194470925	0.055290753098188754	0.057197330791229746	0.05624404194470925	0.057197330791229746	0.055290753098188754	0.05624404194470925	0.057197330791229746	0.057197330791229746	0.05147759771210677	0.052430886558627265	0.0438512869399428	0.03527168732125834	
 col10269 > 0.5
1	2	3	4	5	6	7	8	9	10	11	12	13	14	15	16	17	18	19	20	
0.0	0.05194805194805195	0.5194805194805194	0.14285714285714285	0.025974025974025976	0.1038961038961039	0.09090909090909091	0.012987012987012988	0.012987012987012988	0.0	0.0	0.0	0.012987012987012988	0.0	0.0	0.0	0.0	0.012987012987012988	0.012987012987012988	0.0	
 col10269 is missing
1	2	3	4	5	6	7	8	9	10	11	12	13	14	15	16	17	18	19	20	
0.04262877442273535	0.05150976909413854	0.050621669626998225	0.052397868561278864	0.050621669626998225	0.052397868561278864	0.05150976909413854	0.05328596802841918	0.052397868561278864	0.05328596802841918	0.052397868561278864	0.05328596802841918	0.052397868561278864	0.052397868561278864	0.05328596802841918	0.05328596802841918	0.047957371225577264	0.0497335701598579	0.041740674955595025	0.03285968028419183	



Time taken to build model: 40.4 seconds
Time taken to test model on training data: 11.55 seconds

=== Error on training data ===

Correctly Classified Instances         100                8.881  %
Incorrectly Classified Instances      1026               91.119  %
Kappa statistic                          0.0377
Mean absolute error                      0.093 
Root mean squared error                  0.2157
Relative absolute error                 97.9753 %
Root relative squared error             98.9829 %
Total Number of Instances             1126     


=== Confusion Matrix ===

  a  b  c  d  e  f  g  h  i  j  k  l  m  n  o  p  q  r  s  t   <-- classified as
  0  0  0  0  0  0  0  0  0 48  0  0  0  0  0  0  0  0  0  0 |  a = 1
  0  0  4  0  0  0  0  0  0 54  0  0  0  0  0  0  0  0  0  0 |  b = 2
  0  0 40  0  0  0  0  0  0 17  0  0  0  0  0  0  0  0  0  0 |  c = 3
  0  0 11  0  0  0  0  0  0 48  0  0  0  0  0  0  0  0  0  0 |  d = 4
  0  0  2  0  0  0  0  0  0 55  0  0  0  0  0  0  0  0  0  0 |  e = 5
  0  0  8  0  0  0  0  0  0 51  0  0  0  0  0  0  0  0  0  0 |  f = 6
  0  0  7  0  0  0  0  0  0 51  0  0  0  0  0  0  0  0  0  0 |  g = 7
  0  0  1  0  0  0  0  0  0 59  0  0  0  0  0  0  0  0  0  0 |  h = 8
  0  0  1  0  0  0  0  0  0 58  0  0  0  0  0  0  0  0  0  0 |  i = 9
  0  0  0  0  0  0  0  0  0 60  0  0  0  0  0  0  0  0  0  0 |  j = 10
  0  0  0  0  0  0  0  0  0 59  0  0  0  0  0  0  0  0  0  0 |  k = 11
  0  0  0  0  0  0  0  0  0 60  0  0  0  0  0  0  0  0  0  0 |  l = 12
  0  0  1  0  0  0  0  0  0 58  0  0  0  0  0  0  0  0  0  0 |  m = 13
  0  0  0  0  0  0  0  0  0 59  0  0  0  0  0  0  0  0  0  0 |  n = 14
  0  0  0  0  0  0  0  0  0 60  0  0  0  0  0  0  0  0  0  0 |  o = 15
  0  0  0  0  0  0  0  0  0 60  0  0  0  0  0  0  0  0  0  0 |  p = 16
  0  0  0  0  0  0  0  0  0 54  0  0  0  0  0  0  0  0  0  0 |  q = 17
  0  0  1  0  0  0  0  0  0 55  0  0  0  0  0  0  0  0  0  0 |  r = 18
  0  0  1  0  0  0  0  0  0 46  0  0  0  0  0  0  0  0  0  0 |  s = 19
  0  0  0  0  0  0  0  0  0 37  0  0  0  0  0  0  0  0  0  0 |  t = 20


=== Error on test data ===

Correctly Classified Instances          63                8.4    %
Incorrectly Classified Instances       687               91.6    %
Kappa statistic                          0.0325
Mean absolute error                      0.0933
Root mean squared error                  0.2164
Relative absolute error                 98.3126 %
Root relative squared error             99.3177 %
Total Number of Instances              750     


=== Confusion Matrix ===

  a  b  c  d  e  f  g  h  i  j  k  l  m  n  o  p  q  r  s  t   <-- classified as
  0  0  0  0  0  0  0  0  0 31  0  0  0  0  0  0  0  0  0  0 |  a = 1
  0  0  6  0  0  0  0  0  0 33  0  0  0  0  0  0  0  0  0  0 |  b = 2
  0  0 23  0  0  0  0  0  0 16  0  0  0  0  0  0  0  0  0  0 |  c = 3
  0  0  5  0  0  0  0  0  0 35  0  0  0  0  0  0  0  0  0  0 |  d = 4
  0  0  1  0  0  0  0  0  0 37  0  0  0  0  0  0  0  0  0  0 |  e = 5
  0  0  6  0  0  0  0  0  0 33  0  0  0  0  0  0  0  0  0  0 |  f = 6
  0  0  2  0  0  0  0  0  0 36  0  0  0  0  0  0  0  0  0  0 |  g = 7
  0  0  3  0  0  0  0  0  0 37  0  0  0  0  0  0  0  0  0  0 |  h = 8
  0  0  0  0  0  0  0  0  0 39  0  0  0  0  0  0  0  0  0  0 |  i = 9
  0  0  0  0  0  0  0  0  0 40  0  0  0  0  0  0  0  0  0  0 |  j = 10
  0  0  1  0  0  0  0  0  0 39  0  0  0  0  0  0  0  0  0  0 |  k = 11
  0  0  0  0  0  0  0  0  0 39  0  0  0  0  0  0  0  0  0  0 |  l = 12
  0  0  1  0  0  0  0  0  0 39  0  0  0  0  0  0  0  0  0  0 |  m = 13
  0  0  0  0  0  0  0  0  0 39  0  0  0  0  0  0  0  0  0  0 |  n = 14
  0  0  0  0  0  0  0  0  0 39  0  0  0  0  0  0  0  0  0  0 |  o = 15
  0  0  0  0  0  0  0  0  0 40  0  0  0  0  0  0  0  0  0  0 |  p = 16
  0  0  2  0  0  0  0  0  0 34  0  0  0  0  0  0  0  0  0  0 |  q = 17
  0  0  0  0  0  0  0  0  0 38  0  0  0  0  0  0  0  0  0  0 |  r = 18
  0  0  0  0  0  0  0  0  0 31  0  0  0  0  0  0  0  0  0  0 |  s = 19
  0  0  1  0  0  0  0  0  0 24  0  0  0  0  0  0  0  0  0  0 |  t = 20

